MEME version 4

ALPHABET= ACGT

strands: + -

Background letter frequencies
A 0.25 C 0.25 G 0.25 T 0.25

MOTIF AC023509.3+M02872_2.00
letter-probability matrix: alength= 4 w= 14 nsites= 1 E= 0
 0.146862552377011 0.304795406342145 0.254513475764316 0.293828565516528
 0.178798696259506 0.110145377412179 0.41988721610016 0.291168710228155
 0.711776403004861 0.0162026808071881 0.269001325673884 0.00301959051406687
 0.000567273477386416 0.00252694549017585 0.000103140632252076 0.996802640400186
 0.000995475113122172 0.00230769230769231 0.874615384615385 0.122081447963801
 0.993932226050291 0.00395947961125109 0.000822749010130097 0.00128554532832828
 0.000205962617784872 0.995262859790948 0.000463415890015962 0.00406776170125122
 0.00349614395886889 0.00169665809768638 0.993778920308483 0.00102827763496144
 0.00061833359097233 0.00298861235636626 0.000412222393981553 0.99598083165868
 0.0832820415700014 0.915155532408503 0.000331423701529284 0.00123100231996591
 0.997008304533966 0.00221798112136999 0.00020632382524372 0.00056739051942023
 0.00174393874946831 0.160442364951085 0.0156529136537644 0.822160782645683
 0.230781169167098 0.377599586135541 0.126228660113813 0.265390584583549
 0.240093119503363 0.21526125193999 0.341748577340921 0.202897051215727

MOTIF AC138696.1+M04597_2.00
letter-probability matrix: alength= 4 w= 15 nsites= 1 E= 0
 0.182242562929062 0.287139588100687 0.24695652173913 0.283661327231121
 0.0149063806580622 0.00118160334484639 0.983912015997091 0
 0.0967133841488403 0.796246209327104 0.0300795016801901 0.0769609048438653
 0.0262055368438347 0.084613488868808 0.0449355130206194 0.844245461266738
 0.858028262127097 0.103545161556896 0.00504090571027188 0.0333856706057351
 0.999725425590335 0.000183049606443346 0 0.0000915248032216731
 0 0.999725450718404 0 0.000274549281596046
 0.00118224809021462 0.0166424154237905 0 0.982175336485995
 0 0.999725425590335 0.000274574409665019 0
 0 0.00100631232275181 0.000548897630591895 0.998444790046656
 0 0.999268069533394 0.000274473924977127 0.000457456541628545
 0.019912099739887 0.979639429545251 0.000269082428917392 0.000179388285944928
 0.303009517276858 0.0757952499356941 0.598130841121495 0.0230643916659522
 0.0464213747294574 0.66639301440406 0.0435853421897157 0.243600268676767
 0.367530919386083 0.195201907316346 0.278497988377291 0.15876918492028

MOTIF AHR+M09817_2.00
letter-probability matrix: alength= 4 w= 11 nsites= 25 E= 0
 0.08 0.44 0.24 0.24
 0.04 0.08 0.2 0.68
 0.16 0.24 0.2 0.4
 0 0 1 0
 0 1 0 0
 0 0 1 0
 0 0 0 1
 0 0 1 0
 0.36 0.36 0.08 0.2
 0.16 0.28 0.44 0.12
 0.28 0.28 0.2 0.24

MOTIF AIRE+M09375_2.00
letter-probability matrix: alength= 4 w= 18 nsites= 1 E= 0
 0.221590911499506 0.107954546627964 0.267045457448124 0.403409095293974
 0.363636367588934 0.159090910820158 0.0227272729743083 0.454545459486167
 0.568181824357709 0.181818183794467 0.181818183794467 0.0681818189229251
 0.431818186511859 0.250000002717392 0.0909090918972334 0.227272729743083
 0.0227272729743083 0.977272737895258 0 0
 0.0909090918972334 0.886363645998026 0.0227272729743083 0
 0.568181824357709 0.0681818189229251 0.13636363784585 0.227272729743083
 0.500000005434784 0.0681818189229251 0.0454545459486167 0.386363640563242
 0.250000002717392 0.13636363784585 0.0909090918972334 0.522727278409093
 0.454545459486168 0.13636363784585 0.0681818189229251 0.340909094614625
 0.363636367588934 0.13636363784585 0.13636363784585 0.363636367588934
 0.500000005434784 0.0227272729743083 0.0909090918972334 0.386363640563242
 0.613636370306325 0.0227272729743083 0.0454545459486167 0.318181821640317
 0.181818183794467 0.8181818270751 0 0
 0.0681818189229251 0.886363645998026 0 0.0454545459486167
 0.522727278409092 0.204545456768776 0.13636363784585 0.13636363784585
 0.500000005434784 0.13636363784585 0.181818183794467 0.181818183794467
 0.21590909325593 0.125000001358696 0.261363639204546 0.397727277050397

MOTIF ALX1+M03226_2.00
letter-probability matrix: alength= 4 w= 13 nsites= 1 E= 0
 0.213459065580797 0.257393913416202 0.215387912558937 0.313759108444063
 0.126442466205077 0.0834157599736235 0.0207715133531157 0.769370260468183
 0.76696795398521 0.0159408381265407 0.0693508627773213 0.147740345110929
 0.986680761099366 0.00126849894291755 0.0107822410147992 0.00126849894291755
 0.025631067961165 0.0361165048543689 0.0320388349514563 0.90621359223301
 0.0491776846178652 0.142373427926475 0.0559496936472106 0.752499193808449
 0.525142751888009 0.0594953030023945 0.334499907902008 0.0808620372075889
 0.415026833631485 0.172223125711498 0.343795739144576 0.068954301512441
 0.567299166518886 0.0727079269374002 0.260329845717326 0.0996630608263877
 0.00780287474332649 0.0190965092402464 0.0147843942505133 0.958316221765914
 0.116818039461322 0.116191669276542 0.0361728781709991 0.730817413091137
 0.685819250551065 0.0396767083027186 0.0900808229243203 0.184423218221896
 0.28197985858153 0.20891364902507 0.256053139061496 0.253053353331905

MOTIF ALX1+M05327_2.00
letter-probability matrix: alength= 4 w= 11 nsites= 1 E= 0
 0.00132684652808492 0 0 0.998673153471915
 0.99950201958723 0.000055331156974492306 0.000331986941846954 0.000110662313948985
 0.999833951403111 0.000166048596889356 0 0
 0.000110497237569061 0.00154696132596685 0.000331491712707182 0.998011049723757
 0 0.737426518615284 0.00151045068582626 0.26106303069889
 0.0162133333333333 0.00773333333333333 0.01264 0.963413333333333
 0.99939142461964 0 0.000442600276625173 0.00016597510373444
 0.999944644339884 0 0 0.0000553556601162469
 0.0000553464688952845 0.000166039406685853 0 0.999778614124419
 0.00435429642286281 0 0 0.995645703577137
 0.995206875654234 0 0 0.00479312434576607

MOTIF ALX1+M05328_2.00
letter-probability matrix: alength= 4 w= 11 nsites= 1 E= 0
 0.00410626635344449 0.000381978265436697 0 0.995511755381119
 0.998811941900126 0 0.00101559805311769 0.000172460046755835
 0.999769832745128 0 0.000115083627435937 0.000115083627435937
 0.000191299690094502 0.00258254581627578 0.00009564984504725101 0.997130504648582
 0.000154446659739968 0.731852517480554 0.00548987672348432 0.262503159136222
 0.0223910219399538 0.0120886258660508 0.0250613452655889 0.940459006928406
 0.997187733159878 0.000229572803275239 0.00233399016663159 0.000248703870214842
 0.999904084099062 0 0.000019183180187611504 0.000076732720750446
 0.000095906701960333 0.000095906701960333 0 0.999808186596079
 0.00564390039278496 0.000419479083247531 0.0000762689242268238 0.993860351599741
 0.994334331660976 0.000057228973121459005 0.000457831784971672 0.00515060758093131

MOTIF ALX1+M09160_2.00
letter-probability matrix: alength= 4 w= 12 nsites= 1 E= 0
 0.436832740213523 0.209074733096085 0.273131672597865 0.0809608540925267
 0.0640569395017794 0.096085409252669 0 0.839857651245551
 0.772241992882562 0.0320284697508897 0.099644128113879 0.096085409252669
 0.868327402135231 0.0640569395017794 0 0.0676156583629893
 0 0.096085409252669 0 0.90391459074733
 0.0320284697508897 0.227758007117438 0.128113879003559 0.612099644128114
 0.483985765124555 0 0.516014234875445 0
 0.355871886120996 0.256227758007117 0.355871886120996 0.0320284697508897
 0.775800711743772 0 0.128113879003559 0.096085409252669
 0.099644128113879 0 0.0320284697508897 0.868327402135231
 0.0640569395017794 0.0320284697508897 0.0320284697508897 0.871886120996441
 0.829181494661921 0.0569395017793594 0.0569395017793594 0.0569395017793594

MOTIF ALX3+M03172_2.00
letter-probability matrix: alength= 4 w= 10 nsites= 1 E= 0
 0.157465421444615 0.20861409938133 0.40702210663199 0.226898372542066
 0.161372950819672 0.342764817150063 0.172682849936948 0.323179382093317
 0.072884012539185 0.00495155314904531 0.018167569108008 0.903996865203762
 0.886223153483499 0.0355508992491706 0.0395320412083115 0.0386939060590187
 0.981208676487646 0.00185593318640529 0.0106329505471136 0.00630243977883463
 0.0180537534754402 0.0123447636700649 0.0288415199258573 0.940759962928638
 0.058635752688172 0.0360887096774194 0.0525537634408602 0.852721774193548
 0.591830925780972 0.0272539671244574 0.311036789297659 0.0698783177969117
 0.216920167073843 0.174718259910158 0.472732287808338 0.13562928520766
 0.146595208070618 0.418072194199243 0.178357503152585 0.256975094577554

MOTIF ALX3+M03173_2.00
letter-probability matrix: alength= 4 w= 10 nsites= 1 E= 0
 0.148298628745556 0.190832910106653 0.31056373793804 0.350304723209751
 0.178136109700356 0.279964448958862 0.212163534789233 0.329735906551549
 0.104046858359957 0.00926517571884984 0.0478168264110756 0.838871139510117
 0.825508279186753 0.0250471599245441 0.0763990777614756 0.073045483127227
 0.980580107058384 0.000995891945723889 0.008963027511515 0.00946097348437695
 0.0269670791501284 0.0164604249357927 0.0370067709549381 0.919565724959141
 0.0635546125088411 0.0894210366777811 0.0511266040214206 0.795897746791957
 0.500221827861579 0.038265306122449 0.373447204968944 0.0880656610470275
 0.296724225495175 0.146013204672423 0.431945149822245 0.125317420010157
 0.430366890948331 0.134822902120096 0.275993398501968 0.158816808429605

MOTIF ALX3+M05195_2.00
letter-probability matrix: alength= 4 w= 8 nsites= 1 E= 0
 0.13345467355566 0.195573038985439 0.235380460310005 0.435591827148896
 0 0.0465207411968874 0 0.953479258803113
 1 0 0 0
 1 0 0 0
 0 0 0 1
 0 0.00146567391686698 0 0.998534326083133
 0.5860592302136 0.0477246930141368 0.292694252399133 0.0735218243731297
 0.228147659854977 0.144232036914964 0.561371127224786 0.0662491760052736

MOTIF ALX3+M05196_2.00
letter-probability matrix: alength= 4 w= 8 nsites= 1 E= 0
 0.161873103049574 0.234860528978176 0.342968637086284 0.260297730885966
 0.0512934384367714 0.125791051404463 0.0547352059509271 0.768180304207838
 0.762676366843034 0.0590828924162257 0.161044973544974 0.0171957671957672
 0.994109195402299 0 0.00589080459770115 0
 0 0.00775193798449612 0.034468438538206 0.957779623477298
 0.0687382297551789 0.0981376857083072 0.109227871939736 0.723896212596778
 0.447948063992581 0.104915372130767 0.354161836308834 0.0929747275678182
 0.198176549579476 0.221358399886918 0.489009824015831 0.0914552265177751

MOTIF ALX3+M05197_2.00
letter-probability matrix: alength= 4 w= 8 nsites= 1 E= 0
 0.216895874263261 0.267190569744597 0.21139489194499 0.304518664047151
 0 0.0200153964588145 0 0.979984603541186
 0.829045913383263 0.0338651904916965 0.0113969391077825 0.125691957017258
 0.831754328650768 0.024828487422411 0.0490035935968638 0.0944135903299575
 0 0.523114855146908 0 0.476885144853092
 0.119324934632755 0.135013073449014 0.605181839790825 0.140480152127407
 0.442782608695652 0.307478260869565 0.00869565217391304 0.24104347826087
 0.21209740769835 0.23095051060487 0.341319717203456 0.215632364493323

MOTIF ALX3+M05198_2.00
letter-probability matrix: alength= 4 w= 8 nsites= 1 E= 0
 0.16212962962963 0.263796296296296 0.274259259259259 0.299814814814815
 0.010765058755855 0.0881748705727669 0.0135590434711151 0.887501027200263
 0.984144341170038 0.00865682522325497 0.00719883360670676 0
 1 0 0 0
 0 0 0 1
 0 0.0141305307780624 0.032058641702729 0.953810827519209
 0.56488425171177 0.0547766547114444 0.31537332898598 0.0649657645908053
 0.189024390243902 0.192273090763695 0.539784086365454 0.0789184326269492

MOTIF ALX3+M05199_2.00
letter-probability matrix: alength= 4 w= 8 nsites= 1 E= 0
 0.168744072618886 0.223343720363094 0.329088199430971 0.278824007587048
 0.0279849667533969 0.0999132697311362 0.0186180977161029 0.853483665799364
 0.87852636590882 0.0463635281514105 0.0713605523152006 0.0037495536245685
 1 0 0 0
 0 0 0 1
 0.0357992522940977 0.0475246403081455 0.0805483176617197 0.836127789736037
 0.523758802295994 0.0576365465412155 0.3497248357891 0.0688798153736908
 0.192318726242559 0.195187549307896 0.529333715843075 0.0831600086064692

MOTIF ALX3+M05200_2.00
letter-probability matrix: alength= 4 w= 8 nsites= 1 E= 0
 0.192835981685968 0.286560732561271 0.183678965795852 0.336924319956908
 0 0 0 1
 0.810698689956332 0.0117903930131004 0.0441048034934498 0.133406113537118
 0.838338225333032 0.0349966132309776 0.0731542108828178 0.0535109505531723
 0 0.533323757540937 0.00833093938523413 0.458345303073829
 0.0468613775065388 0.0475152571926765 0.809285091543156 0.0963382737576286
 0.464822233350025 0.233224837255884 0.0394341512268403 0.262518778167251
 0.12957974137931 0.227370689655172 0.393049568965517 0.25

MOTIF ALX4+M03079_2.00
letter-probability matrix: alength= 4 w= 13 nsites= 1 E= 0
 0.194988399071926 0.195359628770302 0.294106728538283 0.31554524361949
 0.0885738898895763 0.0428381235805466 0.0248257498629493 0.843762236666928
 0.735577251314262 0.0153615074759336 0.123984433672424 0.12507680753738
 0.98329834808798 0.00200784886374007 0.0112257004654559 0.00346810258282377
 0.0322078730356309 0.0807530729733935 0.0488563871168508 0.838182666874125
 0.0396843637477974 0.201945912816977 0.13483490385352 0.623534819581705
 0.263783181733804 0.172173751624281 0.268331167625766 0.29571189901615
 0.467556952081697 0.10204241948154 0.378790259230165 0.0516103692065986
 0.696534781484355 0.0271528316524438 0.214054822860098 0.0622575640031032
 0.00165380374862183 0.00459389930172731 0.00385887541345094 0.9898934215362
 0.0769408502772643 0.0752464571780653 0.0180221811460259 0.829790511398644
 0.742062125490736 0.0189406983952063 0.0884358426888904 0.150561333425167
 0.230369407833674 0.144050491925005 0.357898644885836 0.267681455355485

MOTIF ALX4+M04917_2.00
letter-probability matrix: alength= 4 w= 8 nsites= 1 E= 0
 0.144489039827107 0.236492744674282 0.352577956159308 0.266440259339302
 0.00829337825579889 0.136581573150188 0.0159388363353635 0.83918621225865
 0.846978812450955 0.0478681663614962 0.105153021187549 0
 1 0 0 0
 0 0 0 1
 0.0365408038976857 0.0668696711327649 0.107795371498173 0.788794153471376
 0.47139735184471 0.100527060033423 0.361100398508806 0.0669751896130608
 0.182923100443357 0.221831524231769 0.495031340773582 0.100214034551292

MOTIF ALX4+M04918_2.00
letter-probability matrix: alength= 4 w= 8 nsites= 1 E= 0
 0.167087011349306 0.235813366960908 0.316729718369063 0.280369903320723
 0.00346020761245675 0.142560553633218 0.0306228373702422 0.823356401384083
 0.847249421399323 0.0530532312622396 0.0996973473384369 0
 1 0 0 0
 0 0 0.00418497593638837 0.995815024063612
 0.00893911283521673 0.0936076910102884 0.0947883285545623 0.802664867599932
 0.490076335877863 0.118066157760814 0.317217981340119 0.0746395250212044
 0.21797052154195 0.234032501889645 0.44964096749811 0.0983560090702948

MOTIF ALX4+M04919_2.00
letter-probability matrix: alength= 4 w= 8 nsites= 1 E= 0
 0.208778840742825 0.180641530669668 0.218908272369162 0.391671356218346
 0 0.0640569395017794 0.0330452465683782 0.902897813929842
 0.670694864048338 0.0887462235649547 0.0528700906344411 0.187688821752266
 0.798202247191011 0.0337078651685393 0.110561797752809 0.0575280898876405
 0 0.547134935304991 0 0.452865064695009
 0 0.051566265060241 0.855903614457831 0.0925301204819277
 0.390158172231986 0.28317223198594 0.0461335676625659 0.280536028119508
 0.235227912211593 0.169949352841868 0.323579065841306 0.271243669105234

MOTIF ANHX+M02096_2.00
letter-probability matrix: alength= 4 w= 8 nsites= 1 E= 0
 0.0715560314061385 0.125089221984297 0.160778015703069 0.642576730906495
 0.037142152023692 0.000123395853899309 0.0124629812438302 0.950271470878578
 0.0715135649690623 0.000118990956687292 0.642670157068063 0.285697287006188
 0.999651324965133 0.000116225011622501 0.000116225011622501 0.000116225011622501
 0.000116225011622501 0.883426313342631 0.000116225011622501 0.116341236634124
 0.836936308693631 0.139586238958624 0.0117387261738726 0.0117387261738726
 0.526170436612309 0.0395844292477643 0.0790373487638085 0.355207785376118
 0.220359078590786 0.0171070460704607 0.762364498644986 0.000169376693766938

MOTIF AR+M09609_2.00
letter-probability matrix: alength= 4 w= 10 nsites= 1 E= 0
 0.122 0.483 0.277 0.118
 0.204 0.613 0.009 0.174
 0.439 0.124 0.187 0.25
 0.335 0.001 0.663 0.001
 0.001 0.001 0.997 0.001
 0.471 0.273 0.168 0.089
 0.997 0.001 0.001 0.001
 0.001 0.994 0.004 0.001
 0.965 0.001 0.001 0.033
 0.031 0.331 0.533 0.104

MOTIF AR+M09610_2.00
letter-probability matrix: alength= 4 w= 16 nsites= 1 E= 0
 0.356 0.24 0.261 0.144
 0.485 0.001 0.411 0.102
 0.044 0.001 0.944 0.011
 0.407 0.198 0.268 0.127
 0.892 0.018 0.042 0.047
 0.001 0.987 0.011 0.001
 0.83 0.001 0.046 0.123
 0.096 0.292 0.409 0.203
 0.262 0.243 0.233 0.262
 0.199 0.414 0.291 0.096
 0.124 0.043 0.001 0.832
 0.001 0.01 0.988 0.001
 0.045 0.039 0.026 0.89
 0.133 0.276 0.201 0.39
 0.022 0.923 0.001 0.054
 0.104 0.427 0.001 0.467

MOTIF AR+M11157_2.00
letter-probability matrix: alength= 4 w= 15 nsites= 29 E= 0
 0.172414 0.034483 0.724138 0.068966
 0 0 0.965517 0.034483
 0.275862 0.034483 0.137931 0.551724
 0.827586 0.034483 0 0.137931
 0 1 0 0
 0.655172 0.034483 0.275862 0.034483
 0.172414 0.241379 0.344828 0.241379
 0.206897 0.206897 0.37931 0.206897
 0.310345 0.103448 0.448276 0.137931
 0.103448 0.172414 0 0.724138
 0 0 1 0
 0.034483 0 0.034483 0.931034
 0.137931 0.103448 0.206897 0.551724
 0.068966 0.931034 0 0
 0.034483 0.275862 0.034483 0.655172

MOTIF AR+M11160_2.00
letter-probability matrix: alength= 4 w= 15 nsites= 24 E= 0
 0.125 0.041667 0.791667 0.041667
 0 0 0.958333 0.041667
 0.333333 0.166667 0.166667 0.333333
 0.75 0.083333 0 0.166667
 0 1 0 0
 0.541667 0.041667 0.333333 0.083333
 0.125 0.25 0.333333 0.291667
 0.291667 0.125 0.416667 0.166667
 0.333333 0.125 0.5 0.041667
 0.083333 0.208333 0 0.708333
 0 0 1 0
 0.041667 0 0 0.958333
 0.333333 0.083333 0.125 0.458333
 0.083333 0.916667 0 0
 0.083333 0.166667 0.041667 0.708333

MOTIF AR+M11162_2.00
letter-probability matrix: alength= 4 w= 15 nsites= 42956 E= 0
 0.769741 0.016994 0.092257 0.121008
 0.044418 0.030636 0.902738 0.022209
 0.73275 0.11123 0.118959 0.037061
 0.654763 0.185562 0.105806 0.053869
 0.048049 0.882438 0.045512 0.024001
 0.834924 0.07801 0.02172 0.065346
 0.177205 0.225882 0.41028 0.186633
 0.204116 0.298887 0.293742 0.203254
 0.188914 0.408395 0.226348 0.176343
 0.068791 0.021673 0.079453 0.830082
 0.022954 0.046047 0.880692 0.050307
 0.053985 0.100498 0.190032 0.655485
 0.036293 0.113791 0.115118 0.734798
 0.02009 0.905997 0.029542 0.044371
 0.122521 0.092956 0.016249 0.768275

MOTIF AR+M11163_2.00
letter-probability matrix: alength= 4 w= 15 nsites= 79065 E= 0
 1 0 0 0
 0 0 1 0
 1 0 0 0
 1 0 0 0
 0 1 0 0
 1 0 0 0
 0.132094 0.259989 0.474369 0.133548
 0.216101 0.295719 0.337292 0.150889
 0.21151 0.275963 0.362246 0.150281
 0.187377 0.348789 0.331651 0.132182
 0.298425 0.251464 0.214431 0.23568
 0.274028 0.22097 0.261772 0.24323
 0.284437 0.216973 0.272257 0.226333
 0.277228 0.201012 0.270676 0.251085
 0.291115 0.227193 0.250098 0.231594

MOTIF AR+M11164_2.00
letter-probability matrix: alength= 4 w= 15 nsites= 7 E= 0
 0.857143 0 0.142857 0
 0.142857 0 0.857143 0
 0.428571 0 0 0.571429
 0.714286 0 0.285714 0
 0 0.714286 0.285714 0
 0.571429 0.142857 0.142857 0.142857
 0 0.142857 0.142857 0.714286
 0.142857 0.142857 0.428571 0.285714
 0.428571 0.142857 0 0.428571
 0.285714 0 0 0.714286
 0 0 1 0
 0 0 0 1
 0.285714 0 0 0.714286
 0 1 0 0
 0.142857 0 0 0.857143

MOTIF AR+M11165_2.00
letter-probability matrix: alength= 4 w= 15 nsites= 76 E= 0
 0.194805 0.142857 0.519481 0.142857
 0.350649 0.194805 0.116883 0.337662
 0.376623 0.155844 0.233766 0.233766
 0.038961 0.753247 0.103896 0.103896
 0.441558 0.155844 0.103896 0.298701
 0.181818 0.233766 0.168831 0.415584
 0.207792 0.25974 0.25974 0.272727
 0.25974 0.311688 0.194805 0.233766
 0.155844 0.064935 0.025974 0.753247
 0.025974 0.064935 0.896104 0.012987
 0.051948 0.051948 0 0.896104
 0.142857 0.142857 0.103896 0.61039
 0 1 0 0
 0.065789 0.276316 0 0.657895
 0.214286 0.242857 0.214286 0.328571

MOTIF AR+M11166_2.00
letter-probability matrix: alength= 4 w= 9 nsites= 30 E= 0
 0.366667 0.066667 0.133333 0.433333
 0.033333 0.166667 0.766667 0.033333
 0.866667 0 0.033333 0.1
 0.266667 0.033333 0.666667 0.033333
 0.133333 0.733333 0.033333 0.1
 0.966667 0.033333 0 0
 0.266667 0.4 0.166667 0.166667
 0.366667 0 0.433333 0.2
 0.3 0.2 0.2 0.3

MOTIF ARGFX+M05369_2.00
letter-probability matrix: alength= 4 w= 10 nsites= 1 E= 0
 0.190355635925256 0.141711874623267 0.247016274864376 0.420916214587101
 0.0498559716374917 0.346166629736317 0.0311876800354531 0.572789718590738
 0.0533931118809863 0.0760138577542287 0.0254228652944773 0.845170165070308
 0.99735465640594 0 0.00264534359406 0
 1 0 0 0
 0 0 0 1
 0.000240399062443656 0 0.00276458921810205 0.996995011719454
 0.917279513408902 0.00530826651921482 0.0624827204865911 0.0149294995852917
 0.174697843431551 0.0690417884509045 0.655225531242594 0.101034836874951
 0.390560009644945 0.269274820664296 0.105491590813189 0.234673578877569

MOTIF ARGFX+M05370_2.00
letter-probability matrix: alength= 4 w= 13 nsites= 1 E= 0
 0.176054493057375 0.286787180158938 0.0985066806392455 0.438651646144442
 0.0197034118013066 0.00964430156590273 0.00850357772477445 0.962148708908016
 0.953409441530392 0.00915355343001131 0.0207754808186774 0.0166615242209195
 0.899699583292955 0.0239364279484446 0.0692896598507607 0.00707432890783991
 0.0548099402545675 0.0486622218373885 0.112823621092735 0.783704216815309
 0.0093118478404438 0.455157839122969 0.0125478800686831 0.522982432967904
 0.0555653399084185 0.0900845368087355 0.0491370200774921 0.805213103205354
 0.995098561534363 0 0.00468833244539158 0.000213106020245072
 0.99946512623021 0 0.000106974753958066 0.000427899015832264
 0.000320410124959949 0.000854426999893197 0.00117483712485315 0.997650325750294
 0.00468184720153224 0.00180889550968291 0.000212811236433284 0.993296446052352
 0.983836889921825 0.0021128248468202 0.00739488696387069 0.00665539826748363
 0.371685671108669 0.0630581123780739 0.432957823876906 0.132298392636351

MOTIF ARGFX+M05371_2.00
letter-probability matrix: alength= 4 w= 10 nsites= 1 E= 0
 0.171854734111543 0.159533073929961 0.294422827496757 0.374189364461738
 0.0637920850561134 0.475487300649734 0.0253987005316007 0.435321913762552
 0 0.0982396365701306 0.0261215218625781 0.875638841567291
 0.983418367346939 0.00829081632653061 0.00829081632653061 0
 0.989730423620026 0 0.0102695763799743 0
 0.00836012861736334 0 0 0.991639871382637
 0 0.0070242656449553 0.00830140485312899 0.984674329501916
 0.884174311926605 0.0275229357798165 0.0579128440366972 0.0303899082568807
 0.0847628657921292 0.0650857719475278 0.778002018163471 0.0721493440968718
 0.452365521710953 0.263771872974725 0.108878807517822 0.1749837977965

MOTIF ARGFX+M05372_2.00
letter-probability matrix: alength= 4 w= 13 nsites= 1 E= 0
 0.159474671669794 0.335834896810507 0.0888055034396498 0.41588492808005
 0.0192170818505338 0.00782918149466192 0.00284697508896797 0.970106761565836
 0.972301136363636 0.00852272727272727 0.0113636363636364 0.0078125
 0.92479674796748 0.0176151761517615 0.0528455284552846 0.00474254742547425
 0.021911138161899 0.0766889835666464 0.100426049908704 0.800973828362751
 0.000529100529100529 0.58994708994709 0.0201058201058201 0.389417989417989
 0.0436602870813397 0.102870813397129 0.0586124401913876 0.794856459330144
 0.987707881417209 0.00650759219088937 0.00578452639190166 0
 0.997815003641661 0 0.00145666423889294 0.000728332119446468
 0 0.00072992700729927 0 0.999270072992701
 0.000728332119446468 0.00291332847778587 0.0021849963583394 0.994173343044428
 0.98986975397974 0.00361794500723589 0.00434153400868307 0.00217076700434153
 0.299352750809061 0.0528586839266451 0.521574973031284 0.12621359223301

MOTIF ARID3A+M09766_2.00
letter-probability matrix: alength= 4 w= 6 nsites= 27 E= 0
 0.814815 0 0.185185 0
 1 0 0 0
 0.074074 0 0 0.925926
 0.296296 0 0 0.703704
 1 0 0 0
 0.962963 0 0 0.037037

MOTIF ARID3B+M01659_2.00
letter-probability matrix: alength= 4 w= 11 nsites= 1 E= 0
 0.216391942484019 0.216391942484019 0.216391942484019 0.350824172913502
 0.170073316023489 0.170073316023489 0.170073316023489 0.489780052295089
 0.497552455189334 0.072788183030037 0.167866220511198 0.261793141634989
 0.910941049109006 0.000140594663406183 0.000140594663406183 0.0887777619297409
 0.0887777619297409 0.000140594663406183 0.000140594663406183 0.910941049109006
 0.000140594663406183 0.000140594663406183 0.000140594663406183 0.99957821637534
 0.99957821637534 0.000140594663406183 0.000140594663406183 0.000140594663406183
 0.895275880255742 0.000140594663406183 0.000140594663406183 0.104442930783005
 0.237900619057056 0.0337486522707767 0.119173527446214 0.609177201591512
 0.566454186213422 0.0800672787313061 0.0800672787313061 0.273411256689523
 0.177352411724758 0.177352411724758 0.177352411724758 0.467942765191282

MOTIF ARID3C+M00115_2.00
letter-probability matrix: alength= 4 w= 9 nsites= 1 E= 0
 0.246578347230164 0.267115134719493 0.232218742173543 0.2540877758768
 0.37832635001822 0.0896360141820021 0.2461047314782 0.285932904321579
 0.932211493640962 0.0200365822266229 0.0244727367948736 0.0232791873375417
 0.109458979242345 0.0571425978483104 0.0942122165276178 0.739186206381727
 0.198441238356446 0.333783649726718 0.113351434001304 0.354423677915533
 0.708755458566087 0.0564587654757789 0.138866155195201 0.0959196207629333
 0.607308176151133 0.100387366356177 0.141038988477037 0.151265469015653
 0.519305956259335 0.108039102397705 0.187259100261114 0.185395841081847
 0.347376666387168 0.202433145271085 0.185009964398597 0.265180223943149

MOTIF ARID5A+M00116_2.00
letter-probability matrix: alength= 4 w= 11 nsites= 1 E= 0
 0.299919556391047 0.199062317085634 0.199062317085634 0.301955809437684
 0.28279528766139 0.466267106848314 0.0732191689609999 0.177718436529296
 0.928776049328424 0.0237413168905255 0.0237413168905255 0.0237413168905255
 0.999535455578714 0.000154848140428682 0.000154848140428682 0.000154848140428682
 0.000154848140428682 0.000154848140428682 0.000154848140428682 0.999535455578714
 0.999535455578714 0.000154848140428682 0.000154848140428682 0.000154848140428682
 0.000154848140428682 0.000154848140428682 0.000154848140428682 0.999535455578714
 0.000154848140428682 0.0972585685218506 0.000154848140428682 0.902431735197292
 0.5422445083107 0.0510925310547946 0.14962085432816 0.257042106306345
 0.176935679179429 0.277743367079905 0.176935679179429 0.368385274561238
 0.226413531249903 0.32075940625029 0.226413531249903 0.226413531249903

MOTIF ARID5B+M08707_2.00
letter-probability matrix: alength= 4 w= 13 nsites= 1 E= 0
 0.216666666666667 0.0833333333333333 0.35 0.35
 0.133333333333333 0.266666666666667 0.4 0.2
 0 0.266666666666667 0.2 0.533333333333334
 0 0.133333333333333 0.333333333333333 0.533333333333334
 0.333333333333333 0.0666666666666667 0.333333333333333 0.266666666666667
 0.2 0.0666666666666667 0.666666666666667 0.0666666666666667
 0 0 0 1
 0.866666666666667 0 0.133333333333333 0
 0 0.133333333333333 0 0.866666666666667
 0 0.0666666666666667 0.0666666666666667 0.866666666666667
 0.133333333333333 0.266666666666667 0.533333333333333 0.0666666666666667
 0.133333333333333 0.0666666666666667 0.266666666666667 0.533333333333334
 0.25 0.116666666666667 0.45 0.183333333333333

MOTIF ARID5B+M09767_2.00
letter-probability matrix: alength= 4 w= 14 nsites= 13 E= 0
 0.6 0.2 0.2 0
 0.6 0 0 0.4
 0 0.5 0.333333 0.166667
 0.066667 0.6 0.133333 0.2
 0.666667 0.133333 0.066667 0.133333
 0.066667 0.666667 0.133333 0.133333
 1 0 0 0
 1 0 0 0
 0 0.066667 0.066667 0.866667
 0.933333 0.066667 0 0
 0 0.733333 0.066667 0.2
 0.266667 0.466667 0.066667 0.2
 0.466667 0.266667 0.266667 0
 0.6 0.266667 0.133333 0

MOTIF ARNT+M08732_2.00
letter-probability matrix: alength= 4 w= 9 nsites= 1 E= 0
 0.152 0.284 0.43 0.134
 0.138 0.074 0.242 0.546
 0.702 0.03 0.246 0.022
 0.01 0.948 0.002 0.04
 0.006 0.002 0.99 0.002
 0 0 0.002 0.998
 0 0.006 0.992 0.002
 0.356 0.526 0.024 0.094
 0.154 0.502 0.144 0.2

MOTIF ARNT+M09863_2.00
letter-probability matrix: alength= 4 w= 16 nsites= 100 E= 0
 0.247525 0.128713 0.49505 0.128713
 0.3 0 0.3 0.4
 0.33 0 0.25 0.42
 0.33 0.08 0.42 0.17
 0.168317 0.168317 0.247525 0.415842
 0.2 0.8 0 0
 0.95 0 0.05 0
 0 1 0 0
 0 0 1 0
 0 0 0 1
 0 0 1 0
 0.237624 0.346535 0.237624 0.178218
 0.14 0.36 0.14 0.36
 0.168317 0.415842 0.247525 0.168317
 0.1 0.2 0.4 0.3
 0.128713 0.376238 0.247525 0.247525

MOTIF ARNT2+M04170_2.00
letter-probability matrix: alength= 4 w= 10 nsites= 1 E= 0
 0.251526538280883 0.0910585422093172 0.615760707118152 0.0416542123916478
 0.148127514701331 0.0758433921386568 0.147400185701021 0.628628907458991
 0.0122447989913195 0.9849667814364 0.00278841957228068 0
 0.973308414797777 0.00292313590185931 0.012746789342534 0.0110216599578302
 0 0.996369879813588 0 0.00363012018641158
 0.00206357785093107 0 0.997936422149069 0
 0.0153842518196427 0.0220247660459401 0.00262312127800359 0.959967860856414
 0.000336481841997741 0 0.97632609897373 0.0233374191842719
 0.35902346545954 0.426808271913025 0.0756775578898497 0.138490704737585
 0.194278962138743 0.30643493673379 0.296169563290828 0.20311653783664

MOTIF ARNTL+M02787_2.00
letter-probability matrix: alength= 4 w= 10 nsites= 1 E= 0
 0.0845442536327609 0.0264200792602378 0.875825627476882 0.0132100396301189
 0.00701402805611222 0.0130260521042084 0.0200400801603206 0.959919839679359
 0.00353565114908662 0.996464348850913 0 0
 0.997683397683398 0.00231660231660232 0 0
 0.00237953599048186 0.997620464009518 0 0
 0.00141643059490085 0.0113314447592068 0.987252124645892 0
 0 0.018348623853211 0 0.981651376146789
 0.00561797752808989 0.00140449438202247 0.98876404494382 0.00421348314606742
 0.916312056737589 0.0673758865248227 0 0.0163120567375887
 0.0119047619047619 0.932330827067669 0.0100250626566416 0.0457393483709273

MOTIF ARNTL+M04124_2.00
letter-probability matrix: alength= 4 w= 10 nsites= 1 E= 0
 0.27154766854117 0.14454825933787 0.521345265967922 0.0625588061530382
 0.195888635274889 0.11530983176938 0.178248372643503 0.510553160312227
 0.0199833472106578 0.97327495903951 0.00523757084150305 0.00150412290832908
 0.8942082274264 0.00992029217974977 0.0707005897885152 0.0251708906053352
 0 0.959309559738437 0.00431525163476557 0.0363751886267969
 0.0288821203377151 0.00296569413273485 0.96815218552955 0
 0.0213087165272484 0.0729347126664357 0.00895906548532396 0.896797505320992
 0.00201794912644044 0 0.962136901917052 0.0358451489565079
 0.285892421923709 0.398722817359104 0.121672429103138 0.193712331614049
 0.208941631019732 0.316461984269353 0.281523388988547 0.193072995722368

MOTIF ARNTL+M04125_2.00
letter-probability matrix: alength= 4 w= 10 nsites= 1 E= 0
 0.238981905548465 0.252609054733839 0.323935730910729 0.184473308806967
 0.149836372136512 0.0717917251051893 0.365795932678822 0.412575970079476
 0.0281955568441271 0.965426013844091 0.00130467872286449 0.00507375058891748
 0.90048338572829 0.00774093229219484 0.0619950647331238 0.0297806172463915
 0.0145936780913165 0.806558071938961 0.0610693956642848 0.117778854305438
 0.463042044231504 0.0647849182376836 0.461826893031976 0.0103461444988369
 0.0356158860291647 0.0556750218399301 0.0136415563470197 0.895067535783886
 0 0.0112903813235241 0.970207961539862 0.0185016571366136
 0.558610132528099 0.148653749370911 0.0752390538500252 0.217497064250965
 0.0476054732041049 0.545990117825922 0.108640567591537 0.297763841378437

MOTIF ARNTL+M08725_2.00
letter-probability matrix: alength= 4 w= 11 nsites= 1 E= 0
 0.397560975609756 0.14390243902439 0.319512195121951 0.139024390243902
 0.163414634146341 0.292682926829268 0.492682926829268 0.0512195121951219
 0.253658536585366 0.0268292682926829 0.265853658536585 0.453658536585366
 0.0195121951219512 0.975609756097561 0.0048780487804878 0
 0.973170731707317 0.0121951219512195 0 0.0146341463414634
 0.0195121951219512 0.951219512195122 0.0219512195121951 0.00731707317073171
 0.209756097560976 0.0341463414634146 0.731707317073171 0.024390243902439
 0.0560975609756098 0.0341463414634146 0.0121951219512195 0.897560975609756
 0.0048780487804878 0.0024390243902439 0.926829268292683 0.0658536585365854
 0.0121951219512195 0.292682926829268 0.521951219512195 0.173170731707317
 0.307317073170732 0.370731707317073 0.160975609756098 0.160975609756098

MOTIF ARX+M00260_2.00
letter-probability matrix: alength= 4 w= 11 nsites= 1 E= 0
 0.174536571113203 0.174536571113203 0.379077087896034 0.271849769877559
 0.396656544442474 0.400457373033096 0.101443041262215 0.101443041262215
 0.0246885293390504 0.0246885293390504 0.0246885293390504 0.925934411982849
 0.901495608569595 0.000249725925796438 0.000249725925796438 0.0980049395788122
 0.999250822222611 0.000249725925796438 0.000249725925796438 0.000249725925796438
 0.000249725925796438 0.000249725925796438 0.000249725925796438 0.999250822222611
 0.000249725925796438 0.000249725925796438 0.000249725925796438 0.999250822222611
 0.898463935830426 0.000249725925796438 0.101036612317981 0.000249725925796438
 0.375736379323692 0.177404049056161 0.274562417746523 0.172297153873624
 0.148806684663582 0.148806684663582 0.148806684663582 0.553579946009255
 0.323316410239762 0.225561196586746 0.225561196586746 0.225561196586746

MOTIF ARX+M00261_2.00
letter-probability matrix: alength= 4 w= 9 nsites= 1 E= 0
 0.230885618397059 0.270946783137295 0.299442505064431 0.198725093401215
 0.220126286065981 0.312374069130127 0.23608724271208 0.231412402091812
 0.157239711095723 0.148082783182486 0.0441578830844463 0.650519622637345
 0.622988792379828 0.108259219209267 0.158305787903734 0.110446200507171
 0.837251736367086 0.0308804959666153 0.081461033223897 0.0504067344424017
 0.0711309368468166 0.166421272444312 0.100939604174388 0.661508186534483
 0.190036370391393 0.201787563252367 0.236799899101203 0.371376167255036
 0.278997793787207 0.196606422351263 0.337377969873615 0.187017813987915
 0.274660677520998 0.197460079721342 0.356215696285347 0.171663546472312

MOTIF ARX+M00263_2.00
letter-probability matrix: alength= 4 w= 10 nsites= 1 E= 0
 0.201620151447547 0.201620151447547 0.201620151447547 0.395139545657358
 0.682857328895654 0.0737666332915611 0.169609404521224 0.0737666332915611
 0.0997090174696262 0.116089860870642 0.0995830602481144 0.684618061411618
 0.00021348681612167 0.407264529378988 0.0964853665461889 0.496036617258701
 0.903087659821568 0.00021348681612167 0.00021348681612167 0.0964853665461889
 0.999359539551635 0.00021348681612167 0.00021348681612167 0.00021348681612167
 0.00021348681612167 0.00021348681612167 0.00021348681612167 0.999359539551635
 0.097461001295865 0.00021348681612167 0.00021348681612167 0.902112025071892
 0.566557183511132 0.0485933353685743 0.336256145751719 0.0485933353685743
 0.176446853524561 0.275816426956553 0.176446853524561 0.371289865994326

MOTIF ARX+M00264_2.00
letter-probability matrix: alength= 4 w= 9 nsites= 1 E= 0
 0.233407698508938 0.265811311942619 0.293766931649555 0.207014057898889
 0.218698897578457 0.307260489194125 0.229911829831591 0.244128783395827
 0.17003455733211 0.133753920146977 0.0533034840065495 0.642908038514363
 0.61556194388569 0.090245666625395 0.171149181176693 0.123043208312222
 0.889184801878608 0.0265838819561375 0.0615780262691086 0.0226532898961456
 0.0508848305785408 0.155954586852996 0.0729347244187079 0.720225858149755
 0.195427343130625 0.193482808576844 0.209597424345893 0.401492423946638
 0.262678590496992 0.206630297799 0.324060813905008 0.206630297799
 0.264075290605898 0.227291709007019 0.322542288297099 0.186090712089984

MOTIF ARX+M00265_2.00
letter-probability matrix: alength= 4 w= 8 nsites= 1 E= 0
 0.208979713603819 0.0598150357995227 0.208979713603819 0.52222553699284
 0.021603611349957 0.172076526225279 0.000107480653482373 0.806212381771281
 0.981382978723404 0.00009170946441672781 0.00926265590608951 0.00926265590608951
 0.990553925165077 0.00009170946441672781 0.00926265590608951 0.00009170946441672781
 0.00926265590608951 0.00009170946441672781 0.00009170946441672781 0.990553925165077
 0.00934838948537579 0.00934838948537579 0.0000925583117363939 0.981210662717512
 0.655375388716126 0.0223234118169702 0.299977787649933 0.0223234118169702
 0.0299821002386635 0.1493138424821 0.656473747016706 0.16423031026253

MOTIF ARX+M04895_2.00
letter-probability matrix: alength= 4 w= 8 nsites= 1 E= 0
 0.116315016616431 0.244918463559781 0.233093747584821 0.405672772238967
 0.019047619047619 0.0739294278862624 0.0204864679684824 0.886536485097636
 0.953289619096736 0.000442054077948869 0.046268326825315 0
 1 0 0 0
 0 0 0 1
 0 0.0464996315401621 0 0.953500368459838
 0.609027912699955 0.0841266757334369 0.228935949744188 0.0779094618224208
 0.248290655583858 0.135809089690307 0.578227644456361 0.0376726102694731

MOTIF ARX+M04896_2.00
letter-probability matrix: alength= 4 w= 8 nsites= 1 E= 0
 0.170486167948928 0.238173187100999 0.272139466361107 0.319201178588967
 0.108917234550644 0.117537422097967 0.0619721591240026 0.711573184227387
 0.755581668625147 0.0621559774877853 0.130311089121158 0.0519512647659101
 1 0 0 0
 0 0.00412788344799676 0.00704168352893565 0.988830433023068
 0.0898239331542823 0.0985974336019099 0.0824231572664876 0.72915547597732
 0.487215456226487 0.103870432952879 0.291780909264809 0.117133201555825
 0.251597325408618 0.189561664190193 0.453826151560178 0.10501485884101

MOTIF ASCL1+M04135_2.00
letter-probability matrix: alength= 4 w= 10 nsites= 1 E= 0
 0.287041232442229 0.209787041232442 0.338695061169008 0.164476665156321
 0.252269288956127 0.0985249621785174 0.582261724659607 0.0669440242057489
 0 0.996837587531059 0 0.00316241246894059
 0.910272277227723 0.0323844884488449 0.0123762376237624 0.04496699669967
 0.0166329861650863 0.200217627856366 0.685994092958184 0.0971552930203638
 0.112465288491206 0.680808392471459 0.203640851589016 0.00308546744831842
 0.025235243798118 0.00513259195893926 0.0258768177929855 0.943755346449957
 0.0115709835336004 0 0.981975967957276 0.00645304850912328
 0.0327474560592044 0.567067530064755 0.150601295097132 0.249583718778908
 0.191026512576479 0.336958984817584 0.2014502605937 0.270564242012237

MOTIF ASCL1+M04136_2.00
letter-probability matrix: alength= 4 w= 10 nsites= 1 E= 0
 0.3590573012939 0.152957486136784 0.312846580406654 0.175138632162662
 0.275339805825243 0.118834951456311 0.564660194174757 0.0411650485436893
 0 0.992201834862385 0 0.00779816513761468
 0.955388692579505 0.019434628975265 0.0092756183745583 0.0159010600706714
 0.0127367733507511 0.143043762246897 0.706401045068583 0.137818419333769
 0.163716814159292 0.736215112321307 0.100068073519401 0
 0.0361074416556583 0.00352267723469837 0.00792602377807133 0.952443857331572
 0.00366300366300366 0 0.990384615384615 0.00595238095238095
 0.0421170331718226 0.512858740216176 0.151695862840104 0.293328363771897
 0.188714153561517 0.301110083256244 0.173450508788159 0.33672525439408

MOTIF ASCL1+M08055_2.00
letter-probability matrix: alength= 4 w= 13 nsites= 1 E= 0
 0.214690867839 0.257373794668 0.369682359614 0.158252977879
 0.186613726602 0.398184912082 0.287719795803 0.127481565513
 0.619256948382876 0.0981281905841804 0.178672716959964 0.103942144072979
 0.0300623936472117 0.0246738513897096 0.941435053885367 0.00382870107771149
 0.00397050482133111 0.981281905842275 0.0110606920023031 0.00368689733409103
 0.967101531480435 0.00865002836075389 0.0106352807714048 0.0136131593874061
 0.002977878616 0.0397050482133 0.950510493477 0.0068065796937
 0.023397617697107 0.89946114577427 0.0741633579126222 0.00297787861600089
 0.00779920589903735 0.00978445830969667 0.0102098695405965 0.97220646625067
 0.00255246738513944 0.00340328984684925 0.990782756664782 0.00326148610322928
 0.0473624503687142 0.310975609756093 0.49957458876915 0.142087351106043
 0.209444129325 0.306863301191 0.243618831537 0.240073737947
 0.217385138968 0.251276233693 0.351389676687 0.179948950652

MOTIF ASCL1+M08730_2.00
letter-probability matrix: alength= 4 w= 14 nsites= 1 E= 0
 0.189583333333333 0.4375 0.175 0.197916666666667
 0.21875 0.245833333333333 0.160416666666667 0.375
 0.220833333333333 0.254166666666667 0.427083333333333 0.0979166666666667
